Year	Month	Period	TP	pTP	TN	pTN	WTMP	pWTMP	HRQ	HRV	pHRV	HRWL	HRWLcv	pHRWL	pHRWLcv	YRQ	YRV	pYRV	YRWL	YRWLcv	pYRWL	pYRWLcv	Chla	Algae
2003	4	1	0.17	0.15	2.12	2.1	19.3	19	714	0.73	0.7	19.963	0.0206	19.5273	0.0221	17300	0.94	0.9	17.12	0.0215	17.6709	0.0277	28	1.7
2003	4	2	0.09	0.17	1.9	2.12	16.63	19.3	648	0.69	0.73	20.114	0.0036	19.963	0.0206	17300	0.94	0.94	18.21	0.0244	17.151	0.0215	1.4	0.11
2003	4	3	0.18	0.09	1.84	1.9	18.4	16.63	758	0.74	0.69	20.533	0.0254	20.114	0.0036	17300	0.94	0.94	18.93	0.0137	18.191	0.0244	2.8	0.12
2004	2	1	0.11	0.1	2.02	1.9	7	6	1099	0.99	1	19.695	0.0039	19.7209	0.0065	7660	1	1	13.59	0.0078	14.3182	0.0174	1.9	0.0235
2004	2	2	0.1	0.11	2.03	2.02	12.53	7	1103	0.99	0.99	19.725	0.002	19.695	0.0039	7660	1	1	13.9	0.0025	13.688	0.0078	6.3	0.05
2004	2	3	0.13	0.1	1.85	2.03	12.47	12.53	1183	1.03	0.99	19.8322	0.0028	19.725	0.002	7660	1	1	13.65	0.0078	13.887	0.0025	25.1	0.236
2004	3	1	0.12	0.13	2.02	1.85	13.13	12.47	1346	1.12	1.03	20.093	0.0116	19.8322	0.0028	10600	0.83	1	15.27	0.0561	13.68	0.0078	12.7	0.053
2004	3	2	0.3	0.12	2.55	2.02	13.77	13.13	1302	1.1	1.12	20.252	0.0051	20.093	0.0116	10600	0.83	0.83	15.82	0.0278	15.245	0.0561	35.1	0.66
2004	3	3	0.09	0.3	1.76	2.55	11.57	13.77	1103	0.97	1.1	20.08	0.0056	20.252	0.0051	10600	0.83	0.83	15.29	0.0464	15.651	0.0278	5.3	0.08
2004	4	1	0.06	0.09	1.74	1.76	16	11.57	993	0.9	0.97	20.197	0.0022	20.08	0.0056	12600	1.1	0.83	16.32	0.0146	15.6564	0.0464	5.1	0.025
2004	4	2	0.08	0.06	1.81	1.74	18.47	16	982	0.88	0.9	20.375	0.0065	20.197	0.0022	12600	1.1	1.1	16.69	0.0165	16.225	0.0146	5.7	0.13
2004	4	3	0.06	0.08	1.84	1.81	25	18.47	980	0.88	0.88	20.454	0.005	20.375	0.0065	12600	1.1	1.1	16.88	0.0105	16.711	0.0165	5.1	0.13
2005	2	1	0.11	0.09	1.76	1.6	7.37	6.9	936	0.93	0.85	19.731	0.0034	19.77	0.0046	12000	0.88	0.85	15.59	0.0181	15.1309	0.0205	1.4	0.025
2005	2	2	0.12	0.11	1.72	1.76	4.43	7.37	816	0.83	0.93	19.855	0.0186	19.731	0.0034	12000	0.88	0.88	15.31	0.0816	15.448	0.0181	1.4	0.029
2005	2	3	0.1	0.12	2.51	1.72	5.83	4.43	775	0.77	0.83	20.3963	0.0121	19.855	0.0186	12000	0.88	0.88	18.3	0.0163	16.185	0.0816	1.6	0.028
2005	3	1	0.13	0.1	1.92	2.51	8.77	5.83	771	0.77	0.77	19.91	0.0033	20.3963	0.0121	14900	0.91	0.88	17.17	0.0234	18.3663	0.0163	1.3	0.02
2005	3	2	0.11	0.13	1.85	1.92	13.27	8.77	796	0.78	0.77	19.904	0.0044	19.91	0.0033	14900	0.91	0.91	16.34	0.004	17.134	0.0234	8.4	0.82
2005	3	3	0.09	0.11	1.78	1.85	10.8	13.27	926	0.88	0.78	20.0991	0.0048	19.904	0.0044	14900	0.91	0.91	16.5	0.0023	16.408	0.004	2.4	0.14
2005	4	1	0.08	0.09	2.02	1.78	14.1	10.8	807	0.8	0.88	19.948	0.0025	20.0991	0.0048	16000	0.97	0.91	17.13	0.0102	16.5073	0.0023	3.8	0.11
2005	4	2	0.08	0.08	1.74	2.02	16.83	14.1	865	0.83	0.8	20.144	0.0051	19.948	0.0025	16000	0.97	0.97	17.44	0.0164	16.96	0.0102	1.3	0.029
2005	4	3	0.07	0.08	1.84	1.74	19.73	16.83	750	0.76	0.83	19.779	0.0052	20.144	0.0051	16000	0.97	0.97	16.85	0.0066	17.257	0.0164	0.8	0.01
2006	2	1	0.1	0.11	1.96	1.8	4.8	4	970	1.12	1.19	19.557	0.0032	19.7364	0.0052	8200	0.81	0.8	13.51	0.0218	15.1764	0.0137	1.8	0.0418
2006	2	2	0.1	0.1	1.86	1.96	8.4	4.8	1085	0.95	1.12	19.641	0.0033	19.557	0.0032	8200	0.81	0.81	14.13	0.0178	14.222	0.0218	2.5	0.0732
2006	2	3	0.1	0.1	1.84	1.86	8.6	8.4	987	0.89	0.95	19.7188	0.0065	19.641	0.0033	8200	0.81	0.81	14.16	0.0285	14.157	0.0178	2.6	0.12
2006	3	1	0.12	0.1	1.7	1.84	8.73	8.6	1026	0.83	0.89	20.395	0.0075	19.7188	0.0065	18200	0.98	0.81	15.93	0.0216	15.4975	0.0285	9	0.44
2006	3	2	0.1	0.12	1.83	1.7	11.87	8.73	972	0.8	0.83	20.354	0.0024	20.395	0.0075	18200	0.98	0.98	19.17	0.0133	17.481	0.0216	27	0.49
2006	3	3	0.09	0.1	1.78	1.83	13.8	11.87	937	0.83	0.8	20.29	0.0023	20.354	0.0024	18200	0.98	0.98	18.45	0.0139	17.462	0.0133	19.7	0.32
2006	4	1	0.09	0.09	1.62	1.78	18.4	13.8	960	0.85	0.83	20.14	0.0058	20.29	0.0023	13400	0.86	0.98	16.85	0.0081	17.4527	0.0139	27.1	0.42
2006	4	2	0.08	0.09	1.78	1.62	18.97	18.4	1133	0.89	0.85	21.054	0.0163	20.14	0.0058	13400	0.86	0.86	16.27	0.0598	16.559	0.0081	11.1	0.16
2006	4	3	0.08	0.08	2.04	1.78	18	18.97	1066	0.83	0.89	20.954	0.0046	21.054	0.0163	13400	0.86	0.86	16.73	0.0169	18.292	0.0598	11.6	0.135
2007	2	1	0.14	0.15	1.85	1.8	10.5	9.5	493	0.69	0.7	18.452	0.0043	18.5555	0.0026	9310	1.13	1.1	14.15	0.0162	14.5482	0.0143	2.5	0.0707
2007	2	2	0.12	0.14	1.92	1.85	12.1	10.5	459	0.73	0.69	18.226	0.0033	18.452	0.0043	9310	1.13	1.13	13.9	0.0132	14.125	0.0162	2.8	0.076
2007	2	3	0.12	0.12	2.17	1.92	13.3	12.1	436	0.67	0.73	18.2188	0.0037	18.226	0.0033	9310	1.13	1.13	15.06	0.0162	13.985	0.0132	1.9	0.056
2007	3	1	0.15	0.12	2.14	2.17	12	13.3	626	0.76	0.67	19.499	0.0366	18.2188	0.0037	14200	1.26	1.13	16.26	0.0376	14.98	0.0162	1.7	0.062
2007	3	2	0.1	0.15	1.82	2.14	11.6	12	568	0.77	0.76	19.159	0.009	19.499	0.0366	14200	1.26	1.26	16.36	0.0209	16.359	0.0376	1.5	0.058
2007	3	3	0.12	0.1	1.84	1.82	11.4	11.6	599	0.74	0.77	19.1064	0.004	19.159	0.009	14200	1.26	1.26	16.16	0.0043	16.355	0.0209	3.4	0.28
2007	4	1	0.08	0.12	1.84	1.84	18.57	11.4	540	0.76	0.74	18.747	0.007	19.1064	0.004	12500	1.24	1.26	15.86	0.0191	16.1591	0.0043	2.6	0.063
2007	4	2	0.09	0.08	1.84	1.84	18.93	18.57	509	0.71	0.76	18.482	0.0016	18.747	0.007	12500	1.24	1.24	15.19	0.0048	15.806	0.0191	3.5	0.12
2007	4	3	0.06	0.09	1.86	1.84	18.5	18.93	490	0.7	0.71	18.64	0.0064	18.482	0.0016	12500	1.24	1.24	15.49	0.0562	15.143	0.0048	4.6	0.15
2008	2	1	0.14	0.12	2.02	1.99	3	3	617	0.69	0.73	18.716	0.0034	18.8555	0.0063	9740	0.8	0.8	13.83	0.0149	14.1636	0.0085	0.2	0.0047
2008	2	2	0.08	0.14	1.92	2.02	7.9	3	619	0.73	0.69	18.738	0.0049	18.716	0.0034	9740	0.8	0.8	14.46	0.0083	14.006	0.0149	8	0.73
2008	2	3	0.13	0.08	1.94	1.92	9.5	7.9	502	0.67	0.73	18.26	0.0091	18.738	0.0049	9740	0.8	0.8	14.01	0.0049	14.358	0.0083	23.1	1.6
2008	3	1	0.17	0.13	2.11	1.94	12.33	9.5	623	0.77	0.67	18.517	0.0179	18.26	0.0091	9450	1.02	0.8	14.22	0.0039	14.0744	0.0049	29.5	5.1
2008	3	2	0.12	0.17	2.02	2.11	13.1	12.33	500	0.74	0.77	18.253	0.0062	18.517	0.0179	9450	1.02	1.02	13.97	0.0191	14.151	0.0039	10.8	1
2008	3	3	0.12	0.12	2.06	2.02	17.5	13.1	704	0.78	0.74	19.1636	0.0317	18.253	0.0062	9450	1.02	1.02	16.36	0.042	14.132	0.0191	1.7	0.0053
2008	4	1	0.12	0.12	1.87	2.06	15	17.5	744	0.76	0.78	19.709	0.003	19.1636	0.0317	16300	1.08	1.02	17.34	0.0073	16.3327	0.042	1.7	0.0065
2008	4	2	0.09	0.12	1.87	1.87	18	15	917	0.71	0.76	20.013	0.0156	19.709	0.003	16300	1.08	1.08	17.13	0.0331	17.182	0.0073	4.4	0.18
2008	4	3	0.08	0.09	1.86	1.87	19.03	18	1088	0.7	0.71	21.021	0.0133	20.013	0.0156	16300	1.08	1.08	18.72	0.0155	17.448	0.0331	4.9	0.26
2009	2	1	0.14	0.1	1.95	1.9	8	7.6	758	0.82	0.8	19.089	0.0013	19.15	0.0024	10100	0.96	1	14.15	0.0058	14.2109	0.0033	17.1	1.3
2009	2	2	0.1	0.14	1.85	1.95	8.6	8	816	0.86	0.82	19.188	0.0041	19.089	0.0013	10100	0.96	0.96	14.28	0.003	14.213	0.0058	67.8	4.2
2009	2	3	0.11	0.1	1.83	1.85	8.1	8.6	864	0.81	0.86	19.4025	0.0056	19.188	0.0041	10100	0.96	0.96	15.21	0.0248	14.325	0.003	7.8	0.78
2009	3	1	0.11	0.11	1.86	1.83	8.1	8.1	809	0.78	0.81	19.893	0.0101	19.4025	0.0056	17800	1.01	0.96	17.12	0.0556	15.1463	0.0248	1.5	0.053
2009	3	2	0.07	0.11	1.86	1.86	10.5	8.1	721	0.87	0.78	19.834	0.0146	19.893	0.0101	17800	1.01	1.01	18.06	0.0229	17.248	0.0556	3.9	0.27
2009	3	3	0.1	0.07	1.83	1.86	15	10.5	759	0.88	0.87	19.5573	0.0039	19.834	0.0146	17800	1.01	1.01	16.48	0.0198	17.895	0.0229	2.7	0.18
2009	4	1	0.08	0.1	2.07	1.83	14.63	15	826	0.85	0.88	19.771	0.0024	19.5573	0.0039	12400	1.26	1.01	15.68	0.0056	16.4509	0.0198	3.4	0.21
2009	4	2	0.07	0.08	1.84	2.07	12.9	14.63	808	0.85	0.85	19.851	0.0108	19.771	0.0024	12400	1.26	1.26	16.45	0.0507	15.796	0.0056	3.4	0.092
2009	4	3	0.09	0.07	1.96	1.84	19.7	12.9	980	1.04	0.85	21.437	0.0269	19.851	0.0108	12400	1.26	1.26	19.93	0.039	16.715	0.0507	15.3	1.1
2010	2	1	0.13	0.14	1.81	1.84	6.8	6.2	791	0.84	0.88	19.308	0.0035	19.0145	0.0059	10500	0.85	0.9	14.57	0.0102	14.0482	0.0129	10.3	0.56
2010	2	2	0.19	0.13	2.14	1.81	6	6.8	755	0.82	0.84	19.192	0.0017	19.308	0.0035	10500	0.85	0.85	14.71	0.0104	14.625	0.0102	13	1.1
2010	2	3	0.09	0.19	1.86	2.14	7	6	708	0.8	0.82	19.0175	0.0039	19.192	0.0017	10500	0.85	0.85	14.01	0.012	14.669	0.0104	15.7	1.2
2010	3	1	0.11	0.09	1.82	1.86	9.8	7	876	0.91	0.8	19.335	0.0157	19.0175	0.0039	10800	0.81	0.85	14.14	0.0495	14.0625	0.012	23	2.9
2010	3	2	0.08	0.11	1.83	1.82	4	9.8	924	0.91	0.91	19.859	0.0031	19.335	0.0157	10800	0.81	0.81	16.29	0.0165	14.497	0.0495	6.3	0.45
2010	3	3	0.11	0.08	2.07	1.83	14	4	782	0.84	0.91	19.5382	0.0037	19.859	0.0031	10800	0.81	0.81	15.11	0.007	16.112	0.0165	12.5	0.9
2010	4	1	0.09	0.11	2.08	2.07	12.3	14	837	0.85	0.84	19.852	0.0084	19.5382	0.0037	11700	1.09	0.81	15.87	0.0375	15.2355	0.007	3.5	0.072
2010	4	2	0.05	0.09	1.97	2.08	13	12.3	794	0.84	0.85	20.299	0.0104	19.852	0.0084	11700	1.09	1.09	18.09	0.0454	16.017	0.0375	1.3	0.022
2010	4	3	0.08	0.08	1.83	1.97	14	13	1032	0.91	0.84	22.06	0.022	20.299	0.0104	11700	1.09	1.09	21.22	0.026	18.296	0.0454	1.7	0.031
2011	2	1	0.11	0.12	1.83	1.8	5.5	4.6	756	0.89	0.9	19.364	0.011	19.7527	0.0078	10300	0.9	1	15.32	0.0288	15.8364	0.0048	1.1	0.024
2011	2	2	0.18	0.11	2.21	1.83	8	5.5	902	0.82	0.89	19.542	0.0123	19.364	0.011	10300	0.9	0.9	14.64	0.016	15.245	0.0288	30.8	3.4
2011	2	3	0.1	0.18	1.91	2.21	9	8	929	0.77	0.82	19.4738	0.0038	19.542	0.0123	10300	0.9	0.9	15.13	0.0087	14.761	0.016	13.2	1
2011	3	1	0.12	0.1	1.87	1.91	8.6	9	1024	0.88	0.77	19.593	0.0043	19.4738	0.0038	11100	0.86	0.9	14.96	0.0036	15.095	0.0087	4	0.4
2011	3	2	0.1	0.12	2.41	1.87	11.37	8.6	851	0.83	0.88	19.349	0.0084	19.593	0.0043	11100	0.86	0.86	14.87	0.0057	14.921	0.0036	2.3	0.19
2011	3	3	0.16	0.1	2.59	2.41	12	11.37	893	0.78	0.83	19.61	0.0071	19.349	0.0084	11100	0.86	0.86	15.91	0.0267	14.953	0.0057	2.8	0.07
2011	4	1	0.11	0.16	2.08	2.59	14	12	896	0.84	0.78	19.685	0.0046	19.61	0.0071	13700	0.89	0.86	15.71	0.0172	15.8664	0.0267	1.4	0.092
2011	4	2	0.07	0.11	2.05	2.08	15.27	14	856	0.79	0.84	19.602	0.0029	19.685	0.0046	13700	0.89	0.89	15.71	0.0067	15.657	0.0172	1.6	0.038
2011	4	3	0.1	0.07	2	2.05	19	15.27	755	0.88	0.79	19.314	0.0195	19.602	0.0029	13700	0.89	0.89	15.8	0.0151	15.68	0.0067	1.5	0.094
2012	2	1	0.09	0.09	2.03	2	3.1	3.2	1246	0.79	0.76	19.682	0.0043	19.7464	0.0055	11000	0.92	0.92	14.96	0.0077	15.5209	0.0094	4.8	0.22
2012	2	2	0.16	0.09	1.87	2.03	5	3.1	1399	0.91	0.79	19.891	0.0027	19.682	0.0043	11000	0.92	0.92	14.94	0.0033	14.977	0.0077	6.3	0.32
2012	2	3	0.11	0.16	2.03	1.87	6	5	1432	0.86	0.91	19.8789	0.0063	19.891	0.0027	11000	0.92	0.92	14.67	0.0116	14.915	0.0033	6.5	0.31
2012	3	1	0.16	0.11	1.89	2.03	5	6	1581	0.89	0.86	20.296	0.0142	19.8789	0.0063	15100	0.95	0.92	15.43	0.0674	14.7722	0.0116	6.1	0.28
2012	3	2	0.15	0.16	1.85	1.89	6	5	1593	0.79	0.89	21.061	0.0059	20.296	0.0142	15100	0.95	0.95	17.89	0.0246	16.043	0.0674	6.4	0.17
2012	3	3	0.15	0.15	1.98	1.85	10	6	1497	0.86	0.79	20.5245	0.0054	21.061	0.0059	15100	0.95	0.95	16.72	0.0115	17.703	0.0246	4.8	0.25
2012	4	1	0.14	0.15	1.93	1.98	14.2	10	1383	0.81	0.86	20.213	0.0024	20.5245	0.0054	14400	0.93	0.95	16.36	0.0039	16.64	0.0115	6.1	0.76
2012	4	2	0.13	0.14	1.99	1.93	15.5	14.2	1345	0.86	0.81	20.492	0.01	20.213	0.0024	14400	0.93	0.93	16.98	0.0389	16.278	0.0039	10.2	0.58
2012	4	3	0.09	0.13	1.86	1.99	20	15.5	1327	0.77	0.86	20.948	0.0096	20.492	0.01	14400	0.93	0.93	18.23	0.0166	17.153	0.0389	9.4	0.001
2013	2	1	0.09	0.08	2.24	2.1	11.13	9.4	799	0.85	0.8	19.185	0.0042	19.6691	0.0078	10900	0.85	0.9	14.76	0.0041	15.27	0.0135	9.3	0.15
2013	2	2	0.11	0.09	2.27	2.24	8.2	11.13	758	0.75	0.85	19.07	0.0071	19.185	0.0042	10900	0.85	0.85	14.92	0.003	14.766	0.0041	21.9	0.47
2013	2	3	0.14	0.11	2.19	2.27	9.7	8.2	797	0.89	0.75	19.2288	0.0106	19.07	0.0071	10900	0.85	0.85	15.24	0.0084	14.866	0.003	38.1	0.72
2013	3	1	0.17	0.14	1.88	2.19	13.3	9.7	893	1.11	0.89	19.554	0.0091	19.2288	0.0106	12200	0.9	0.85	15.48	0.0072	15.1563	0.0084	25	0.48
2013	3	2	0.16	0.17	1.92	1.88	14	13.3	910	1.3	1.11	19.441	0.0027	19.554	0.0091	12200	0.9	0.9	14.99	0.0049	15.379	0.0072	10.3	0.15
2013	3	3	0.13	0.16	1.71	1.92	14	14	782	0.86	1.3	19.2818	0.0062	19.441	0.0027	12200	0.9	0.9	16.13	0.05	15.04	0.0049	4.4	0.024
2013	4	1	0.1	0.13	1.9	1.71	15.2	14	474	0.66	0.86	19.162	0.0129	19.2818	0.0062	19800	1.1	0.9	17.77	0.0204	16.51	0.05	4.8	0.03
2013	4	2	0.08	0.1	2.01	1.9	18.83	15.2	593	0.77	0.66	19.336	0.0065	19.162	0.0129	19800	1.1	1.1	18.11	0.0257	18.123	0.0204	2.8	0.023
2013	4	3	0.07	0.08	2.19	2.01	16.1	18.83	714	0.79	0.77	19.393	0.0135	19.336	0.0065	19800	1.1	1.1	17.44	0.0085	18.061	0.0257	1.5	0.02
2014	2	1	0.11	0.1	1.87	1.9	8	7.3	440	0.73	0.7	17.741	0.0052	17.8327	0.0053	9330	0.84	0.8	13.52	0.0066	14.0591	0.0161	12.9	0.069
2014	2	2	0.11	0.11	2.07	1.87	4	8	438	0.73	0.73	17.678	0.0048	17.741	0.0052	9330	0.84	0.84	13.92	0.009	13.585	0.0066	7.3	0.016
2014	2	3	0.15	0.11	2.03	2.07	10	4	472	0.74	0.73	17.8063	0.014	17.678	0.0048	9330	0.84	0.84	14.17	0.0203	13.854	0.009	3.7	0.048
2014	3	1	0.12	0.15	2.16	2.03	7.5	10	454	0.73	0.74	17.9	0.0081	17.8063	0.014	13500	0.97	0.84	15.69	0.017	14.18	0.0203	8.2	0.03
2014	3	2	0.17	0.12	2.6	2.16	11	7.5	378	0.69	0.73	17.6	0.013	17.9	0.0081	13500	0.97	0.97	15.6	0.0086	15.459	0.017	6.5	0.08
2014	3	3	0.1	0.17	2.12	2.6	13	11	391	0.7	0.69	17.5136	0.0052	17.6	0.013	13500	0.97	0.97	14.82	0.0098	15.501	0.0086	5.6	0.016
2014	4	1	0.11	0.1	1.86	2.12	22	13	355	0.68	0.7	17.609	0.0091	17.5136	0.0052	16300	1.09	0.97	15.96	0.0099	14.9173	0.0098	13.2	0.092
2014	4	2	0.11	0.11	1.81	1.86	19.5	22	332	0.73	0.68	17.947	0.0292	17.609	0.0091	16300	1.09	1.09	17.21	0.0392	15.894	0.0099	3	0.02
2014	4	3	0.09	0.11	1.73	1.81	18	19.5	548	0.8	0.73	19.782	0.0176	17.947	0.0292	16300	1.09	1.09	18.97	0.0158	17.225	0.0392	0.8	0.018